0 14753.440388176023
1 10470.967313125107
2 8613.263446619692
3 6440.6396074515715
4 5091.664316441443
5 4220.363109793009
6 3746.7498519642413
7 3555.895009913661
8 3384.733219828981
9 2979.94204692048
10 2609.6617931124524
11 2523.3324176285187
12 2437.5412994960634
13 2154.2989613334535
14 2207.70312755096
15 2196.9686578364713
16 2109.1772214984317
17 1980.4794366028304
18 1994.0421170216125
19 2005.9610782757936
20 1977.267279501539
21 2138.169478187782
22 2131.6613536666046
23 2108.9797942176956
24 2087.0762012067453
25 2047.7024732179548
26 1902.763916015622
27 1880.6756743157582
28 1897.3734045682302
29 1903.562624893252
30 1915.8237284008355
31 1816.4155411798479
32 1824.232798152808
33 1831.2942689361446
34 1821.3090315305658
35 1813.4306549908642
